         0    0.5172    0.9655
         0    0.5517    0.2759
    0.6552    0.3793    0.2414
    0.3103         0    0.4138
         0    1.0000    0.9655
    0.2414    0.4828    0.5517
    0.9310    0.6552    1.0000
    0.8276    1.0000    0.5862
    0.7241    0.3103    1.0000
    0.8966    0.1034    0.3448
    0.5172    0.5172         0
         0    1.0000    0.5862
    0.3793         0    0.1724
    0.9655    0.5172    0.0690
    0.7931    1.0000         0
    0.1724    0.2414         0
         0    0.2069    0.7586
    1.0000    0.7931    0.5172
         0    0.1724    0.3793
    0.6207    0.4483    0.5517
    0.3103    0.7241    0.0690
    0.6207    0.7586    1.0000
    0.5862    0.6207    0.4828
    1.0000    0.4828    0.6897
    0.6207    0.0345         0
    1.0000    0.7241    0.7241
    0.5172    0.3793    0.7931
    0.6207         0    0.4483
    0.5172    0.8621    0.6552
    1.0000         0    0.9655
         0    0.8276    1.0000
    1.0000    0.4483    0.3448
    0.3448    0.2414    0.2069
         0    0.2414    0.2069
    0.8621    0.3793    0.8621
    0.3793    0.4483    0.6897
    0.7241    0.7931    0.1724
    0.0690    0.6897    0.6552
    0.3793    0.0690         0
    0.1724         0    0.1724
    0.3448         0    0.7931
    0.5862    0.7586    0.7931
    0.8276    0.6207    0.1379
    0.5172    0.6897    0.3448
    0.8966    0.9310    0.7241